   0.2000000    
   0.2000000    
   0.2000000    
   0.3500000    
   0.3500000    
   0.3500000    
   0.5000000    
   0.5000000    
   0.2000000    
   0.5000000    
    1.000000    
    1.500000    
    2.500000    
    1.500000    
    2.500000    
    5.000000    
    2.500000    
    5.000000    
    1.000000    
    2.500000    
   0.7215037    
   0.5756986    
    1.607521    
    1.157181    
    1.483264    
    1.190470    
    1.103758    
   0.8573718    
   0.8607519    
    1.163048    
   0.1978651    
   0.1923397    
   0.3510982    
   0.3293776    
   0.2990247    
   0.5000693    
   0.2026882    
   0.4531756    
   0.2073310    
   0.3213318    
   0.2000000    
    1.000000    
   0.8477985    
   0.2041094    
   8.5000005E-03
   1.5000000E-02
   2.9999999E-02
   5.0000001E-02
   7.9999998E-02
   0.1500000    
    1.000000    
    1.800000    
    3.600000    
    6.000000    
    9.000000    
    15.00000    
    1.200598    
   0.9887817    
    1.072856    
    1.413380    
    1.201479    
    1.105809    
   0.2763037    
   0.1654722    
   0.1841312    
   0.3526313    
   0.5768455    
    1.081642    
   3.2499999E-02
   3.7500001E-02
   4.5000002E-02
   5.5000000E-02
   6.4999998E-02
   7.5000003E-02
   8.5000001E-02
   9.4999999E-02
   0.1050000    
    1.320000    
    1.470000    
    1.670000    
    1.900000    
    2.110000    
    2.290000    
    2.460000    
    2.600000    
    2.730000    
    1.197176    
    1.393528    
    1.139020    
   0.8420047    
   0.9213369    
   0.6022577    
   0.9157121    
   0.9221265    
   0.6555637    
   0.2070224    
   0.2689251    
   0.2945289    
   0.2758963    
   0.3227634    
   0.3698342    
   0.3563250    
   0.5301515    
   0.5026953    
   1.2500000E-02
   1.7500000E-02
   2.5000000E-02
   3.5000000E-02
   4.5000002E-02
   5.5000000E-02
   7.0000000E-02
   9.0000004E-02
   0.1250000    
   0.1750000    
   0.2500000    
   0.3500000    
   0.4500000    
    3.300000    
    4.300000    
    5.600000    
    7.200000    
    8.600000    
    9.900000    
    11.40000    
    13.10000    
    15.20000    
    17.90000    
    20.80000    
    26.60000    
    35.10000    
   0.7848979    
    1.410633    
   0.9527925    
    1.379196    
    1.180723    
    1.000000    
    1.297371    
    1.429290    
    1.534501    
    2.689054    
    3.088932    
    3.368255    
  -3.9364338E-02
   0.8605561    
   0.6577249    
   0.5192943    
   0.4883573    
   0.4821180    
   0.5291626    
   0.3724261    
   0.5163048    
   0.6430607    
    1.696567    
    2.288412    
    5.531353    
    13.16571    
